 5.27928E+02	 8.58867E+02
 5.28013E+02	 8.58000E+02
 5.28097E+02	 8.57800E+02
 5.28182E+02	 8.57800E+02
 5.28266E+02	 8.58000E+02
 5.28351E+02	 8.58000E+02
 5.28435E+02	 8.58067E+02
 5.28520E+02	 8.57533E+02
 5.28604E+02	 8.58333E+02
 5.28689E+02	 8.57733E+02
 5.28773E+02	 8.58600E+02
 5.28857E+02	 8.57733E+02
 5.28942E+02	 8.58133E+02
 5.29026E+02	 8.57933E+02
 5.29111E+02	 8.58200E+02
 5.29195E+02	 8.58533E+02
 5.29280E+02	 8.58067E+02
 5.29364E+02	 8.58000E+02
 5.29449E+02	 8.58667E+02
 5.29533E+02	 8.58067E+02
 5.29618E+02	 8.58667E+02
 5.29702E+02	 8.57867E+02
 5.29786E+02	 8.57600E+02
 5.29871E+02	 8.58133E+02
 5.29955E+02	 8.58400E+02
 5.30040E+02	 8.58133E+02
 5.30124E+02	 8.58067E+02
 5.30209E+02	 8.58333E+02
 5.30293E+02	 8.58400E+02
 5.30378E+02	 8.58467E+02
 5.30462E+02	 8.58467E+02
 5.30546E+02	 8.58000E+02
 5.30631E+02	 8.58200E+02
 5.30715E+02	 8.58467E+02
 5.30800E+02	 8.58133E+02
 5.30884E+02	 8.58000E+02
 5.30969E+02	 8.58267E+02
 5.31053E+02	 8.58533E+02
 5.31137E+02	 8.57533E+02
 5.31222E+02	 8.58000E+02
 5.31306E+02	 8.58000E+02
 5.31391E+02	 8.58800E+02
 5.31475E+02	 8.61600E+02
 5.31560E+02	 8.76133E+02
 5.31644E+02	 9.14533E+02
 5.31728E+02	 9.38000E+02
 5.31813E+02	 9.28267E+02
 5.31897E+02	 8.92867E+02
 5.31982E+02	 8.64267E+02
 5.32066E+02	 8.58667E+02
 5.32150E+02	 8.58267E+02
 5.32235E+02	 8.57933E+02
 5.32319E+02	 8.58667E+02
 5.32404E+02	 8.58133E+02
 5.32488E+02	 8.58200E+02
 5.32573E+02	 8.58467E+02
 5.32657E+02	 8.58200E+02
 5.32741E+02	 8.58400E+02
 5.32826E+02	 8.57933E+02
 5.32910E+02	 8.58533E+02
 5.32995E+02	 8.58467E+02
 5.33079E+02	 8.57667E+02
 5.33163E+02	 8.57933E+02
 5.33248E+02	 8.57933E+02
 5.33332E+02	 8.57800E+02
 5.33417E+02	 8.58333E+02
 5.33501E+02	 8.57533E+02
 5.33585E+02	 8.58133E+02
 5.33670E+02	 8.58867E+02
 5.33754E+02	 8.58000E+02
 5.33838E+02	 8.59000E+02
 5.33923E+02	 8.60267E+02
 5.34007E+02	 8.63533E+02
 5.34092E+02	 8.66667E+02
 5.34176E+02	 8.69200E+02
 5.34260E+02	 8.71467E+02
 5.34345E+02	 8.72133E+02
 5.34429E+02	 8.73267E+02
 5.34514E+02	 8.71400E+02
 5.34598E+02	 8.73133E+02
 5.34682E+02	 8.71200E+02
 5.34767E+02	 8.71067E+02
 5.34851E+02	 8.70467E+02
 5.34935E+02	 8.71733E+02
 5.35020E+02	 8.71000E+02
 5.35104E+02	 8.71933E+02
 5.35189E+02	 8.72867E+02
 5.35273E+02	 8.71733E+02
 5.35357E+02	 8.71800E+02
 5.35442E+02	 8.71800E+02
 5.35526E+02	 8.73200E+02
 5.35610E+02	 8.73000E+02
 5.35695E+02	 8.73133E+02
 5.35779E+02	 8.71800E+02
 5.35863E+02	 8.72267E+02
 5.35948E+02	 8.72467E+02
 5.36032E+02	 8.72533E+02
 5.36116E+02	 8.72400E+02
 5.36201E+02	 8.71533E+02
 5.36285E+02	 8.70667E+02
 5.36370E+02	 8.71067E+02
 5.36454E+02	 8.70800E+02
 5.36538E+02	 8.72600E+02
 5.36623E+02	 8.72600E+02
 5.36707E+02	 8.72400E+02
 5.36791E+02	 8.72067E+02
 5.36876E+02	 8.71667E+02
 5.36960E+02	 8.71400E+02
 5.37044E+02	 8.71600E+02
 5.37129E+02	 8.71533E+02
 5.37213E+02	 8.70867E+02
 5.37297E+02	 8.71667E+02
 5.37382E+02	 8.72200E+02
 5.37466E+02	 8.72067E+02
 5.37550E+02	 8.71133E+02
 5.37635E+02	 8.71067E+02
 5.37719E+02	 8.71600E+02
 5.37803E+02	 8.71667E+02
 5.37888E+02	 8.71133E+02
 5.37972E+02	 8.71200E+02
 5.38056E+02	 8.71800E+02
 5.38141E+02	 8.72533E+02
 5.38225E+02	 8.71133E+02
 5.38309E+02	 8.72000E+02
 5.38394E+02	 8.72333E+02
 5.38478E+02	 8.71067E+02
 5.38562E+02	 8.72400E+02
 5.38647E+02	 8.71200E+02
 5.38731E+02	 8.70933E+02
 5.38815E+02	 8.69667E+02
 5.38899E+02	 8.70867E+02
 5.38984E+02	 8.71800E+02
 5.39068E+02	 8.70867E+02
 5.39152E+02	 8.71200E+02
 5.39237E+02	 8.69867E+02
 5.39321E+02	 8.70667E+02
 5.39405E+02	 8.69733E+02
 5.39490E+02	 8.69467E+02
 5.39574E+02	 8.69800E+02
 5.39658E+02	 8.70933E+02
 5.39742E+02	 8.71133E+02
 5.39827E+02	 8.70400E+02
 5.39911E+02	 8.70600E+02
 5.39995E+02	 8.70200E+02
 5.40080E+02	 8.69067E+02
 5.40164E+02	 8.70200E+02
 5.40248E+02	 8.71267E+02
 5.40333E+02	 8.70733E+02
 5.40417E+02	 8.71733E+02
 5.40501E+02	 8.71333E+02
 5.40585E+02	 8.71533E+02
 5.40670E+02	 8.70600E+02
 5.40754E+02	 8.71200E+02
 5.40838E+02	 8.71467E+02
 5.40923E+02	 8.71533E+02
 5.41007E+02	 8.71733E+02
 5.41091E+02	 8.70800E+02
 5.41175E+02	 8.70133E+02
 5.41260E+02	 8.71733E+02
 5.41344E+02	 8.70200E+02
 5.41428E+02	 8.70533E+02
 5.41512E+02	 8.69467E+02
 5.41597E+02	 8.70667E+02
 5.41681E+02	 8.71400E+02
 5.41765E+02	 8.72000E+02
 5.41850E+02	 8.72267E+02
 5.41934E+02	 8.72133E+02
 5.42018E+02	 8.71667E+02
 5.42102E+02	 8.70133E+02
 5.42187E+02	 8.70733E+02
 5.42271E+02	 8.71200E+02
 5.42355E+02	 8.72400E+02
 5.42439E+02	 8.71933E+02
 5.42524E+02	 8.71267E+02
 5.42608E+02	 8.72400E+02
 5.42692E+02	 8.71133E+02
 5.42776E+02	 8.71600E+02
 5.42861E+02	 8.72600E+02
 5.42945E+02	 8.72000E+02
 5.43029E+02	 8.70733E+02
 5.43113E+02	 8.72267E+02
 5.43198E+02	 8.71200E+02
 5.43282E+02	 8.71533E+02
 5.43366E+02	 8.72267E+02
 5.43450E+02	 8.72600E+02
 5.43535E+02	 8.72000E+02
 5.43619E+02	 8.72467E+02
 5.43703E+02	 8.71533E+02
 5.43787E+02	 8.72267E+02
 5.43871E+02	 8.71533E+02
 5.43956E+02	 8.72067E+02
 5.44040E+02	 8.73333E+02
 5.44124E+02	 8.71400E+02
 5.44208E+02	 8.70400E+02
 5.44293E+02	 8.71067E+02
 5.44377E+02	 8.71467E+02
 5.44461E+02	 8.70400E+02
 5.44545E+02	 8.71600E+02
 5.44630E+02	 8.72400E+02
 5.44714E+02	 8.73000E+02
 5.44798E+02	 8.72133E+02
 5.44882E+02	 8.72333E+02
 5.44966E+02	 8.73067E+02
 5.45051E+02	 8.72333E+02
 5.45135E+02	 8.71533E+02
 5.45219E+02	 8.72533E+02
 5.45303E+02	 8.72667E+02
 5.45387E+02	 8.71733E+02
 5.45472E+02	 8.71333E+02
 5.45556E+02	 8.72000E+02
 5.45640E+02	 8.73933E+02
 5.45724E+02	 8.72467E+02
 5.45808E+02	 8.72000E+02
 5.45893E+02	 8.72733E+02
 5.45977E+02	 8.71933E+02
 5.46061E+02	 8.72600E+02
 5.46145E+02	 8.71800E+02
 5.46229E+02	 8.71600E+02
 5.46314E+02	 8.72467E+02
 5.46398E+02	 8.70733E+02
 5.46482E+02	 8.70867E+02
 5.46566E+02	 8.72267E+02
 5.46650E+02	 8.71667E+02
 5.46735E+02	 8.70267E+02
 5.46819E+02	 8.70867E+02
 5.46903E+02	 8.71267E+02
 5.46987E+02	 8.71067E+02
 5.47071E+02	 8.70933E+02
 5.47156E+02	 8.69600E+02
 5.47240E+02	 8.70267E+02
 5.47324E+02	 8.71400E+02
 5.47408E+02	 8.70867E+02
 5.47492E+02	 8.71400E+02
 5.47576E+02	 8.71533E+02
 5.47661E+02	 8.72867E+02
 5.47745E+02	 8.71200E+02
 5.47829E+02	 8.70667E+02
 5.47913E+02	 8.71800E+02
 5.47997E+02	 8.71933E+02
 5.48081E+02	 8.72600E+02
 5.48166E+02	 8.73533E+02
 5.48250E+02	 8.71867E+02
 5.48334E+02	 8.71200E+02
 5.48418E+02	 8.71667E+02
 5.48502E+02	 8.72267E+02
 5.48586E+02	 8.71400E+02
 5.48671E+02	 8.71600E+02
 5.48755E+02	 8.72867E+02
 5.48839E+02	 8.72600E+02
 5.48923E+02	 8.73333E+02
 5.49007E+02	 8.72200E+02
 5.49091E+02	 8.72133E+02
 5.49175E+02	 8.73133E+02
 5.49260E+02	 8.72667E+02
 5.49344E+02	 8.73000E+02
 5.49428E+02	 8.70467E+02
 5.49512E+02	 8.71600E+02
 5.49596E+02	 8.70600E+02
 5.49680E+02	 8.70933E+02
 5.49764E+02	 8.72467E+02
 5.49849E+02	 8.71933E+02
 5.49933E+02	 8.72400E+02
 5.50017E+02	 8.71667E+02
 5.50101E+02	 8.70400E+02
 5.50185E+02	 8.69867E+02
 5.50269E+02	 8.70533E+02
 5.50353E+02	 8.71467E+02
 5.50437E+02	 8.71800E+02
 5.50522E+02	 8.70600E+02
 5.50606E+02	 8.70133E+02
 5.50690E+02	 8.71067E+02
 5.50774E+02	 8.71333E+02
 5.50858E+02	 8.70933E+02
 5.50942E+02	 8.70533E+02
 5.51026E+02	 8.70667E+02
 5.51110E+02	 8.69267E+02
 5.51195E+02	 8.69600E+02
 5.51279E+02	 8.70133E+02
 5.51363E+02	 8.68867E+02
 5.51447E+02	 8.69667E+02
 5.51531E+02	 8.69600E+02
 5.51615E+02	 8.68933E+02
 5.51699E+02	 8.69600E+02
 5.51783E+02	 8.69533E+02
 5.51867E+02	 8.69133E+02
 5.51951E+02	 8.70000E+02
 5.52036E+02	 8.69200E+02
 5.52120E+02	 8.69000E+02
 5.52204E+02	 8.69400E+02
 5.52288E+02	 8.69667E+02
 5.52372E+02	 8.68800E+02
 5.52456E+02	 8.68933E+02
 5.52540E+02	 8.68933E+02
 5.52624E+02	 8.69000E+02
 5.52708E+02	 8.69267E+02
 5.52792E+02	 8.69933E+02
 5.52876E+02	 8.68867E+02
 5.52961E+02	 8.68333E+02
 5.53045E+02	 8.67800E+02
 5.53129E+02	 8.69400E+02
 5.53213E+02	 8.69467E+02
 5.53297E+02	 8.68400E+02
 5.53381E+02	 8.68600E+02
 5.53465E+02	 8.68267E+02
 5.53549E+02	 8.68267E+02
 5.53633E+02	 8.67467E+02
 5.53717E+02	 8.69533E+02
 5.53801E+02	 8.68800E+02
 5.53885E+02	 8.68600E+02
 5.53969E+02	 8.68600E+02
 5.54053E+02	 8.69267E+02
 5.54138E+02	 8.69200E+02
 5.54222E+02	 8.69533E+02
 5.54306E+02	 8.69200E+02
 5.54390E+02	 8.69600E+02
 5.54474E+02	 8.69333E+02
 5.54558E+02	 8.71000E+02
 5.54642E+02	 8.69600E+02
 5.54726E+02	 8.71733E+02
 5.54810E+02	 8.69133E+02
 5.54894E+02	 8.68933E+02
 5.54978E+02	 8.69667E+02
 5.55062E+02	 8.69200E+02
 5.55146E+02	 8.70667E+02
 5.55230E+02	 8.69933E+02
 5.55314E+02	 8.70600E+02
 5.55398E+02	 8.70400E+02
 5.55482E+02	 8.69067E+02
 5.55566E+02	 8.70467E+02
 5.55650E+02	 8.70600E+02
 5.55734E+02	 8.70333E+02
 5.55819E+02	 8.69600E+02
 5.55903E+02	 8.70533E+02
 5.55987E+02	 8.70133E+02
 5.56071E+02	 8.68467E+02
 5.56155E+02	 8.70667E+02
 5.56239E+02	 8.70200E+02
 5.56323E+02	 8.69067E+02
 5.56407E+02	 8.68867E+02
 5.56491E+02	 8.68133E+02
 5.56575E+02	 8.69200E+02
 5.56659E+02	 8.68667E+02
 5.56743E+02	 8.68867E+02
 5.56827E+02	 8.68467E+02
 5.56911E+02	 8.69133E+02
 5.56995E+02	 8.69200E+02
 5.57079E+02	 8.68800E+02
 5.57163E+02	 8.69133E+02
 5.57247E+02	 8.69400E+02
 5.57331E+02	 8.68000E+02
 5.57415E+02	 8.68133E+02
 5.57499E+02	 8.69400E+02
 5.57583E+02	 8.69067E+02
 5.57667E+02	 8.68467E+02
 5.57751E+02	 8.68067E+02
 5.57835E+02	 8.67933E+02
 5.57919E+02	 8.69067E+02
 5.58003E+02	 8.69333E+02
 5.58087E+02	 8.68867E+02
 5.58171E+02	 8.69667E+02
 5.58255E+02	 8.69400E+02
 5.58339E+02	 8.69133E+02
 5.58423E+02	 8.69400E+02
 5.58507E+02	 8.69133E+02
 5.58591E+02	 8.70133E+02
 5.58675E+02	 8.70933E+02
 5.58759E+02	 8.70733E+02
 5.58843E+02	 8.71133E+02
 5.58927E+02	 8.69400E+02
 5.59011E+02	 8.69467E+02
 5.59095E+02	 8.70333E+02
 5.59179E+02	 8.70267E+02
 5.59263E+02	 8.69400E+02
 5.59347E+02	 8.70400E+02
 5.59431E+02	 8.70733E+02
 5.59515E+02	 8.70267E+02
 5.59599E+02	 8.71000E+02
 5.59682E+02	 8.70000E+02
 5.59766E+02	 8.70200E+02
 5.59850E+02	 8.71267E+02
 5.59934E+02	 8.71333E+02
 5.60018E+02	 8.71467E+02
 5.60102E+02	 8.70867E+02
 5.60186E+02	 8.69867E+02
 5.60270E+02	 8.70000E+02
 5.60354E+02	 8.70333E+02
 5.60438E+02	 8.69600E+02
 5.60522E+02	 8.69733E+02
 5.60606E+02	 8.71400E+02
 5.60690E+02	 8.71933E+02
 5.60774E+02	 8.70867E+02
 5.60858E+02	 8.71200E+02
 5.60942E+02	 8.71733E+02
 5.61026E+02	 8.71200E+02
 5.61110E+02	 8.71067E+02
 5.61194E+02	 8.73133E+02
 5.61278E+02	 8.71733E+02
 5.61361E+02	 8.71267E+02
 5.61445E+02	 8.71733E+02
 5.61529E+02	 8.72467E+02
 5.61613E+02	 8.71133E+02
 5.61697E+02	 8.71067E+02
 5.61781E+02	 8.71600E+02
 5.61865E+02	 8.72933E+02
 5.61949E+02	 8.72000E+02
 5.62033E+02	 8.73000E+02
 5.62117E+02	 8.73067E+02
 5.62201E+02	 8.71200E+02
 5.62285E+02	 8.72800E+02
 5.62369E+02	 8.74067E+02
 5.62453E+02	 8.72467E+02
 5.62536E+02	 8.73867E+02
 5.62620E+02	 8.74867E+02
 5.62704E+02	 8.73667E+02
 5.62788E+02	 8.74533E+02
 5.62872E+02	 8.74000E+02
 5.62956E+02	 8.74600E+02
 5.63040E+02	 8.74067E+02
 5.63124E+02	 8.73200E+02
 5.63208E+02	 8.75800E+02
 5.63292E+02	 8.75267E+02
 5.63375E+02	 8.74600E+02
 5.63459E+02	 8.75400E+02
 5.63543E+02	 8.74600E+02
 5.63627E+02	 8.75867E+02
 5.63711E+02	 8.76267E+02
 5.63795E+02	 8.74267E+02
 5.63879E+02	 8.76067E+02
 5.63963E+02	 8.75600E+02
 5.64047E+02	 8.76400E+02
 5.64131E+02	 8.75467E+02
 5.64214E+02	 8.76600E+02
 5.64298E+02	 8.76200E+02
 5.64382E+02	 8.78667E+02
 5.64466E+02	 8.77267E+02
 5.64550E+02	 8.77800E+02
 5.64634E+02	 8.79000E+02
 5.64718E+02	 8.76467E+02
 5.64802E+02	 8.77667E+02
 5.64885E+02	 8.76200E+02
 5.64969E+02	 8.77067E+02
 5.65053E+02	 8.76733E+02
 5.65137E+02	 8.77667E+02
 5.65221E+02	 8.75200E+02
 5.65305E+02	 8.76800E+02
 5.65389E+02	 8.77333E+02
 5.65472E+02	 8.77067E+02
 5.65556E+02	 8.76800E+02
 5.65640E+02	 8.76533E+02
 5.65724E+02	 8.77333E+02
 5.65808E+02	 8.78000E+02
 5.65892E+02	 8.78333E+02
 5.65976E+02	 8.77200E+02
 5.66059E+02	 8.76267E+02
 5.66143E+02	 8.77067E+02
 5.66227E+02	 8.77067E+02
 5.66311E+02	 8.75333E+02
 5.66395E+02	 8.76600E+02
 5.66479E+02	 8.76800E+02
 5.66563E+02	 8.76667E+02
 5.66646E+02	 8.76667E+02
 5.66730E+02	 8.77400E+02
 5.66814E+02	 8.76867E+02
 5.66898E+02	 8.76533E+02
 5.66982E+02	 8.76467E+02
 5.67066E+02	 8.75933E+02
 5.67149E+02	 8.77000E+02
 5.67233E+02	 8.76333E+02
 5.67317E+02	 8.75800E+02
 5.67401E+02	 8.77333E+02
 5.67485E+02	 8.77267E+02
 5.67569E+02	 8.78333E+02
 5.67652E+02	 8.77667E+02
 5.67736E+02	 8.77733E+02
 5.67820E+02	 8.77000E+02
 5.67904E+02	 8.76867E+02
 5.67988E+02	 8.76933E+02
 5.68071E+02	 8.76733E+02
 5.68155E+02	 8.76733E+02
 5.68239E+02	 8.78467E+02
 5.68323E+02	 8.77533E+02
 5.68407E+02	 8.78000E+02
 5.68490E+02	 8.78267E+02
 5.68574E+02	 8.79533E+02
 5.68658E+02	 8.80400E+02
 5.68742E+02	 8.79267E+02
 5.68826E+02	 8.80333E+02
 5.68909E+02	 8.80600E+02
 5.68993E+02	 8.80133E+02
 5.69077E+02	 8.79067E+02
 5.69161E+02	 8.80800E+02
 5.69245E+02	 8.83467E+02
 5.69328E+02	 8.82067E+02
 5.69412E+02	 8.81000E+02
 5.69496E+02	 8.82667E+02
 5.69580E+02	 8.82467E+02
 5.69664E+02	 8.84067E+02
 5.69747E+02	 8.85333E+02
 5.69831E+02	 8.87600E+02
 5.69915E+02	 8.84667E+02
 5.69999E+02	 8.87200E+02
 5.70082E+02	 8.87333E+02
 5.70166E+02	 8.88267E+02
 5.70250E+02	 8.87933E+02
 5.70334E+02	 8.91800E+02
 5.70418E+02	 8.91867E+02
 5.70501E+02	 8.93067E+02
 5.70585E+02	 8.92533E+02
 5.70669E+02	 8.95667E+02
 5.70753E+02	 8.93800E+02
 5.70836E+02	 8.96867E+02
 5.70920E+02	 8.98600E+02
 5.71004E+02	 8.96467E+02
 5.71088E+02	 8.95000E+02
 5.71171E+02	 9.01333E+02
 5.71255E+02	 9.01467E+02
 5.71339E+02	 9.03800E+02
 5.71423E+02	 9.06467E+02
 5.71506E+02	 9.05133E+02
 5.71590E+02	 9.07333E+02
 5.71674E+02	 9.12067E+02
 5.71758E+02	 9.10467E+02
 5.71841E+02	 9.15200E+02
 5.71925E+02	 9.18800E+02
 5.72009E+02	 9.17867E+02
 5.72093E+02	 9.16933E+02
 5.72176E+02	 9.14867E+02
 5.72260E+02	 9.20133E+02
 5.72344E+02	 9.21267E+02
 5.72428E+02	 9.20067E+02
 5.72511E+02	 9.22667E+02
 5.72595E+02	 9.23067E+02
 5.72679E+02	 9.24200E+02
 5.72762E+02	 9.23933E+02
 5.72846E+02	 9.19800E+02
 5.72930E+02	 9.23000E+02
 5.73014E+02	 9.25133E+02
 5.73097E+02	 9.23733E+02
 5.73181E+02	 9.22267E+02
 5.73265E+02	 9.24067E+02
 5.73348E+02	 9.20467E+02
 5.73432E+02	 9.19133E+02
 5.73516E+02	 9.19067E+02
 5.73600E+02	 9.17533E+02
 5.73683E+02	 9.15333E+02
 5.73767E+02	 9.12267E+02
 5.73851E+02	 9.13267E+02
 5.73934E+02	 9.10000E+02
 5.74018E+02	 9.06733E+02
 5.74102E+02	 9.06333E+02
 5.74185E+02	 9.08200E+02
 5.74269E+02	 9.08333E+02
 5.74353E+02	 9.05067E+02
 5.74437E+02	 9.02533E+02
 5.74520E+02	 9.02533E+02
 5.74604E+02	 9.02667E+02
 5.74688E+02	 8.99133E+02
 5.74771E+02	 8.99133E+02
 5.74855E+02	 8.99800E+02
 5.74939E+02	 8.99467E+02
 5.75022E+02	 8.97467E+02
 5.75106E+02	 8.98400E+02
 5.75190E+02	 8.97067E+02
 5.75273E+02	 8.94267E+02
 5.75357E+02	 8.94800E+02
 5.75441E+02	 8.94533E+02
 5.75524E+02	 8.94067E+02
 5.75608E+02	 8.95800E+02
 5.75692E+02	 8.94667E+02
 5.75775E+02	 8.91267E+02
 5.75859E+02	 8.92933E+02
 5.75943E+02	 8.91400E+02
 5.76026E+02	 8.92267E+02
 5.76110E+02	 8.91267E+02
 5.76194E+02	 8.91933E+02
 5.76277E+02	 8.92667E+02
 5.76361E+02	 8.91400E+02
 5.76445E+02	 8.90533E+02
 5.76528E+02	 8.90800E+02
 5.76612E+02	 8.91467E+02
 5.76696E+02	 8.91333E+02
 5.76779E+02	 8.90800E+02
 5.76863E+02	 8.91267E+02
 5.76947E+02	 8.88933E+02
 5.77030E+02	 8.87133E+02
 5.77114E+02	 8.88333E+02
 5.77197E+02	 8.89200E+02
 5.77281E+02	 8.85933E+02
 5.77365E+02	 8.86467E+02
 5.77448E+02	 8.85533E+02
 5.77532E+02	 8.85933E+02
 5.77616E+02	 8.84933E+02
 5.77699E+02	 8.88467E+02
 5.77783E+02	 8.88533E+02
 5.77867E+02	 8.87267E+02
 5.77950E+02	 8.87467E+02
 5.78034E+02	 8.86600E+02
 5.78117E+02	 8.88400E+02
 5.78201E+02	 8.90133E+02
 5.78285E+02	 8.88600E+02
 5.78368E+02	 8.87133E+02
 5.78452E+02	 8.87867E+02
 5.78535E+02	 8.89867E+02
 5.78619E+02	 8.88000E+02
 5.78703E+02	 8.88200E+02
 5.78786E+02	 8.90467E+02
 5.78870E+02	 8.90400E+02
 5.78953E+02	 8.89867E+02
 5.79037E+02	 8.90067E+02
 5.79121E+02	 8.92000E+02
 5.79204E+02	 8.93133E+02
 5.79288E+02	 8.93133E+02
 5.79371E+02	 8.92067E+02
 5.79455E+02	 8.95133E+02
 5.79539E+02	 8.97400E+02
 5.79622E+02	 8.98667E+02
 5.79706E+02	 9.00200E+02
 5.79789E+02	 8.98533E+02
 5.79873E+02	 8.98133E+02
 5.79957E+02	 9.00133E+02
 5.80040E+02	 9.00467E+02
 5.80124E+02	 9.03333E+02
 5.80207E+02	 9.05867E+02
 5.80291E+02	 9.04067E+02
 5.80374E+02	 9.05000E+02
 5.80458E+02	 9.07867E+02
 5.80542E+02	 9.10600E+02
 5.80625E+02	 9.10400E+02
 5.80709E+02	 9.11000E+02
 5.80792E+02	 9.10467E+02
 5.80876E+02	 9.12933E+02
 5.80959E+02	 9.14933E+02
 5.81043E+02	 9.12867E+02
 5.81127E+02	 9.13867E+02
 5.81210E+02	 9.15800E+02
 5.81294E+02	 9.17667E+02
 5.81377E+02	 9.14600E+02
 5.81461E+02	 9.14267E+02
 5.81544E+02	 9.12533E+02
 5.81628E+02	 9.15333E+02
 5.81711E+02	 9.14667E+02
 5.81795E+02	 9.12200E+02
 5.81879E+02	 9.13000E+02
 5.81962E+02	 9.10400E+02
 5.82046E+02	 9.05400E+02
 5.82129E+02	 9.01800E+02
 5.82213E+02	 9.01000E+02
 5.82296E+02	 8.98467E+02
 5.82380E+02	 8.95800E+02
 5.82463E+02	 8.90067E+02
 5.82547E+02	 8.89133E+02
 5.82630E+02	 8.85267E+02
 5.82714E+02	 8.83600E+02
 5.82797E+02	 8.81333E+02
 5.82881E+02	 8.77733E+02
 5.82964E+02	 8.77133E+02
 5.83048E+02	 8.76133E+02
 5.83131E+02	 8.74800E+02
 5.83215E+02	 8.75200E+02
 5.83298E+02	 8.74400E+02
 5.83382E+02	 8.75667E+02
 5.83466E+02	 8.75400E+02
 5.83549E+02	 8.74067E+02
 5.83633E+02	 8.73600E+02
 5.83716E+02	 8.74733E+02
 5.83800E+02	 8.74333E+02
 5.83883E+02	 8.72467E+02
 5.83967E+02	 8.72867E+02
 5.84050E+02	 8.73400E+02
 5.84134E+02	 8.74267E+02
 5.84217E+02	 8.72800E+02
 5.84301E+02	 8.73400E+02
 5.84384E+02	 8.72933E+02
 5.84468E+02	 8.72667E+02
 5.84551E+02	 8.71933E+02
 5.84635E+02	 8.72733E+02
 5.84718E+02	 8.72600E+02
 5.84801E+02	 8.72067E+02
 5.84885E+02	 8.71267E+02
 5.84968E+02	 8.72133E+02
 5.85052E+02	 8.70800E+02
 5.85135E+02	 8.71000E+02
 5.85219E+02	 8.71800E+02
 5.85302E+02	 8.72933E+02
 5.85386E+02	 8.73067E+02
 5.85469E+02	 8.71533E+02
 5.85553E+02	 8.72467E+02
 5.85636E+02	 8.72600E+02
 5.85720E+02	 8.74200E+02
 5.85803E+02	 8.73133E+02
 5.85887E+02	 8.73667E+02
 5.85970E+02	 8.73267E+02
 5.86054E+02	 8.72867E+02
 5.86137E+02	 8.72333E+02
 5.86220E+02	 8.71200E+02
 5.86304E+02	 8.71200E+02
 5.86387E+02	 8.72467E+02
 5.86471E+02	 8.72200E+02
 5.86554E+02	 8.70733E+02
 5.86638E+02	 8.70933E+02
 5.86721E+02	 8.71400E+02
 5.86805E+02	 8.70867E+02
 5.86888E+02	 8.70667E+02
 5.86971E+02	 8.69667E+02
 5.87055E+02	 8.71267E+02
 5.87138E+02	 8.71800E+02
 5.87222E+02	 8.72800E+02
 5.87305E+02	 8.72067E+02
 5.87389E+02	 8.70200E+02
 5.87472E+02	 8.69867E+02
 5.87555E+02	 8.70333E+02
 5.87639E+02	 8.69733E+02
 5.87722E+02	 8.70000E+02
 5.87806E+02	 8.70467E+02
 5.87889E+02	 8.69467E+02
 5.87973E+02	 8.70800E+02
 5.88056E+02	 8.69133E+02
 5.88139E+02	 8.71267E+02
 5.88223E+02	 8.70067E+02
 5.88306E+02	 8.69467E+02
 5.88390E+02	 8.70400E+02
 5.88473E+02	 8.69400E+02
 5.88556E+02	 8.69000E+02
 5.88640E+02	 8.69800E+02
 5.88723E+02	 8.69200E+02
 5.88807E+02	 8.69733E+02
 5.88890E+02	 8.70800E+02
 5.88973E+02	 8.69800E+02
 5.89057E+02	 8.69333E+02
 5.89140E+02	 8.70267E+02
 5.89224E+02	 8.70133E+02
 5.89307E+02	 8.69800E+02
 5.89390E+02	 8.70600E+02
 5.89474E+02	 8.70133E+02
 5.89557E+02	 8.70200E+02
 5.89641E+02	 8.70533E+02
 5.89724E+02	 8.70467E+02
 5.89807E+02	 8.69267E+02
 5.89891E+02	 8.70600E+02
 5.89974E+02	 8.70600E+02
 5.90057E+02	 8.68600E+02
 5.90141E+02	 8.68933E+02
 5.90224E+02	 8.69800E+02
 5.90308E+02	 8.69933E+02
 5.90391E+02	 8.69333E+02
 5.90474E+02	 8.69667E+02
 5.90558E+02	 8.69267E+02
 5.90641E+02	 8.69933E+02
 5.90724E+02	 8.70200E+02
 5.90808E+02	 8.70267E+02
 5.90891E+02	 8.70333E+02
 5.90974E+02	 8.69467E+02
 5.91058E+02	 8.68733E+02
 5.91141E+02	 8.68800E+02
 5.91225E+02	 8.69467E+02
 5.91308E+02	 8.71333E+02
 5.91391E+02	 8.69667E+02
 5.91475E+02	 8.69267E+02
 5.91558E+02	 8.69200E+02
 5.91641E+02	 8.70533E+02
 5.91725E+02	 8.70333E+02
 5.91808E+02	 8.70067E+02
 5.91891E+02	 8.68800E+02
 5.91975E+02	 8.68800E+02
 5.92058E+02	 8.69867E+02
 5.92141E+02	 8.69000E+02
 5.92225E+02	 8.70000E+02
 5.92308E+02	 8.69000E+02
 5.92391E+02	 8.70733E+02
 5.92475E+02	 8.68667E+02
 5.92558E+02	 8.68867E+02
 5.92641E+02	 8.70400E+02
 5.92725E+02	 8.70600E+02
 5.92808E+02	 8.69533E+02
 5.92891E+02	 8.69933E+02
 5.92974E+02	 8.68467E+02
 5.93058E+02	 8.69133E+02
 5.93141E+02	 8.69267E+02
 5.93224E+02	 8.69200E+02
 5.93308E+02	 8.69067E+02
 5.93391E+02	 8.69600E+02
 5.93474E+02	 8.70333E+02
 5.93558E+02	 8.69867E+02
 5.93641E+02	 8.68933E+02
 5.93724E+02	 8.69867E+02
 5.93808E+02	 8.68800E+02
 5.93891E+02	 8.69333E+02
 5.93974E+02	 8.69067E+02
 5.94057E+02	 8.69200E+02
 5.94141E+02	 8.69333E+02
 5.94224E+02	 8.69133E+02
 5.94307E+02	 8.69600E+02
 5.94391E+02	 8.70000E+02
 5.94474E+02	 8.70400E+02
 5.94557E+02	 8.70467E+02
 5.94640E+02	 8.68667E+02
 5.94724E+02	 8.67933E+02
 5.94807E+02	 8.69333E+02
 5.94890E+02	 8.70267E+02
 5.94973E+02	 8.69200E+02
 5.95057E+02	 8.68600E+02
 5.95140E+02	 8.68467E+02
 5.95223E+02	 8.69200E+02
 5.95306E+02	 8.69533E+02
 5.95390E+02	 8.68867E+02
 5.95473E+02	 8.69867E+02
 5.95556E+02	 8.68333E+02
 5.95640E+02	 8.69333E+02
 5.95723E+02	 8.69067E+02
 5.95806E+02	 8.69333E+02
 5.95889E+02	 8.69333E+02
 5.95973E+02	 8.69133E+02
 5.96056E+02	 8.68867E+02
 5.96139E+02	 8.69933E+02
 5.96222E+02	 8.70667E+02
 5.96305E+02	 8.70000E+02
 5.96389E+02	 8.70533E+02
 5.96472E+02	 8.70533E+02
 5.96555E+02	 8.69733E+02
 5.96638E+02	 8.69800E+02
 5.96722E+02	 8.70000E+02
 5.96805E+02	 8.69667E+02
 5.96888E+02	 8.68800E+02
 5.96971E+02	 8.69133E+02
 5.97055E+02	 8.68933E+02
 5.97138E+02	 8.69000E+02
 5.97221E+02	 8.69533E+02
 5.97304E+02	 8.69133E+02
 5.97387E+02	 8.70000E+02
 5.97471E+02	 8.69800E+02
 5.97554E+02	 8.69000E+02
 5.97637E+02	 8.68667E+02
 5.97720E+02	 8.69267E+02
 5.97804E+02	 8.69333E+02
 5.97887E+02	 8.70067E+02
 5.97970E+02	 8.70133E+02
 5.98053E+02	 8.70333E+02
 5.98136E+02	 8.69400E+02
 5.98220E+02	 8.70267E+02
 5.98303E+02	 8.70067E+02
 5.98386E+02	 8.68667E+02
 5.98469E+02	 8.68800E+02
 5.98552E+02	 8.70267E+02
 5.98635E+02	 8.68867E+02
 5.98719E+02	 8.69200E+02
 5.98802E+02	 8.68867E+02
 5.98885E+02	 8.69667E+02
 5.98968E+02	 8.69867E+02
 5.99051E+02	 8.69200E+02
 5.99135E+02	 8.69000E+02
 5.99218E+02	 8.68200E+02
 5.99301E+02	 8.68867E+02
 5.99384E+02	 8.69200E+02
 5.99467E+02	 8.69400E+02
 5.99550E+02	 8.69067E+02
 5.99634E+02	 8.67867E+02
 5.99717E+02	 8.67333E+02
 5.99800E+02	 8.68000E+02
 5.99883E+02	 8.68400E+02
 5.99966E+02	 8.69000E+02
 6.00049E+02	 8.69333E+02
 6.00133E+02	 8.68933E+02
 6.00216E+02	 8.70400E+02
 6.00299E+02	 8.70133E+02
 6.00382E+02	 8.69733E+02
 6.00465E+02	 8.68800E+02
 6.00548E+02	 8.69467E+02
 6.00631E+02	 8.69400E+02
 6.00715E+02	 8.69800E+02
 6.00798E+02	 8.68600E+02
 6.00881E+02	 8.68667E+02
 6.00964E+02	 8.69000E+02
 6.01047E+02	 8.68400E+02
 6.01130E+02	 8.68333E+02
 6.01213E+02	 8.69000E+02
 6.01297E+02	 8.70200E+02
 6.01380E+02	 8.69400E+02
 6.01463E+02	 8.69267E+02
 6.01546E+02	 8.69267E+02
 6.01629E+02	 8.69800E+02
 6.01712E+02	 8.69867E+02
 6.01795E+02	 8.69267E+02
 6.01878E+02	 8.68733E+02
 6.01962E+02	 8.68867E+02
 6.02045E+02	 8.69467E+02
 6.02128E+02	 8.68933E+02
 6.02211E+02	 8.68533E+02
 6.02294E+02	 8.69400E+02
 6.02377E+02	 8.68267E+02
 6.02460E+02	 8.68800E+02
 6.02543E+02	 8.69133E+02
 6.02626E+02	 8.69133E+02
 6.02709E+02	 8.69600E+02
 6.02793E+02	 8.69133E+02
 6.02876E+02	 8.68200E+02
 6.02959E+02	 8.69000E+02
 6.03042E+02	 8.69667E+02
 6.03125E+02	 8.70333E+02
 6.03208E+02	 8.69400E+02
 6.03291E+02	 8.69600E+02
 6.03374E+02	 8.67733E+02
 6.03457E+02	 8.69800E+02
 6.03540E+02	 8.68400E+02
 6.03623E+02	 8.68867E+02
 6.03706E+02	 8.69000E+02
 6.03790E+02	 8.69667E+02
 6.03873E+02	 8.70267E+02
 6.03956E+02	 8.69667E+02
 6.04039E+02	 8.69333E+02
 6.04122E+02	 8.68733E+02
 6.04205E+02	 8.68667E+02
 6.04288E+02	 8.69333E+02
 6.04371E+02	 8.68867E+02
 6.04454E+02	 8.68733E+02
 6.04537E+02	 8.69467E+02
 6.04620E+02	 8.69600E+02
 6.04703E+02	 8.70667E+02
 6.04786E+02	 8.68867E+02
 6.04869E+02	 8.69800E+02
 6.04952E+02	 8.68533E+02
 6.05035E+02	 8.69200E+02
 6.05118E+02	 8.69333E+02
 6.05201E+02	 8.68600E+02
 6.05285E+02	 8.69133E+02
 6.05368E+02	 8.68667E+02
 6.05451E+02	 8.68667E+02
 6.05534E+02	 8.69600E+02
 6.05617E+02	 8.69133E+02
 6.05700E+02	 8.68333E+02
 6.05783E+02	 8.69133E+02
 6.05866E+02	 8.69333E+02
 6.05949E+02	 8.69600E+02
 6.06032E+02	 8.70533E+02
 6.06115E+02	 8.69467E+02
 6.06198E+02	 8.69533E+02
 6.06281E+02	 8.69667E+02
 6.06364E+02	 8.69933E+02
 6.06447E+02	 8.69533E+02
 6.06530E+02	 8.68800E+02
 6.06613E+02	 8.68533E+02
 6.06696E+02	 8.68600E+02
 6.06779E+02	 8.70267E+02
 6.06862E+02	 8.69267E+02
 6.06945E+02	 8.68467E+02
 6.07028E+02	 8.68733E+02
 6.07111E+02	 8.69467E+02
 6.07194E+02	 8.70267E+02
 6.07277E+02	 8.68933E+02
 6.07360E+02	 8.69400E+02
 6.07443E+02	 8.69267E+02
 6.07526E+02	 8.70333E+02
 6.07609E+02	 8.68867E+02
 6.07692E+02	 8.68333E+02
 6.07775E+02	 8.68267E+02
 6.07858E+02	 8.70867E+02
 6.07941E+02	 8.71267E+02
 6.08024E+02	 8.71533E+02
 6.08107E+02	 8.70000E+02
 6.08190E+02	 8.70067E+02
 6.08273E+02	 8.68867E+02
 6.08356E+02	 8.70467E+02
 6.08439E+02	 8.70200E+02
 6.08522E+02	 8.70133E+02
 6.08605E+02	 8.70133E+02
 6.08687E+02	 8.70067E+02
 6.08770E+02	 8.71067E+02
 6.08853E+02	 8.69800E+02
 6.08936E+02	 8.70800E+02
 6.09019E+02	 8.70933E+02
 6.09102E+02	 8.71267E+02
 6.09185E+02	 8.70533E+02
 6.09268E+02	 8.70400E+02
 6.09351E+02	 8.71000E+02
 6.09434E+02	 8.70133E+02
 6.09517E+02	 8.70733E+02
 6.09600E+02	 8.70600E+02
 6.09683E+02	 8.71600E+02
 6.09766E+02	 8.70467E+02
 6.09849E+02	 8.70000E+02
 6.09932E+02	 8.69400E+02
 6.10015E+02	 8.70667E+02
 6.10098E+02	 8.69200E+02
 6.10180E+02	 8.70067E+02
 6.10263E+02	 8.70267E+02
 6.10346E+02	 8.71533E+02
 6.10429E+02	 8.71600E+02
 6.10512E+02	 8.71600E+02
 6.10595E+02	 8.71067E+02
 6.10678E+02	 8.71733E+02
 6.10761E+02	 8.71533E+02
 6.10844E+02	 8.70667E+02
 6.10927E+02	 8.71467E+02
 6.11010E+02	 8.70267E+02
 6.11093E+02	 8.70733E+02
 6.11175E+02	 8.70867E+02
 6.11258E+02	 8.71333E+02
 6.11341E+02	 8.69600E+02
 6.11424E+02	 8.70200E+02
 6.11507E+02	 8.70267E+02
 6.11590E+02	 8.70533E+02
 6.11673E+02	 8.71133E+02
 6.11756E+02	 8.69733E+02
 6.11839E+02	 8.70333E+02
 6.11921E+02	 8.70467E+02
 6.12004E+02	 8.71000E+02
 6.12087E+02	 8.70533E+02
 6.12170E+02	 8.70933E+02
 6.12253E+02	 8.69867E+02
 6.12336E+02	 8.70867E+02
 6.12419E+02	 8.69733E+02
 6.12502E+02	 8.70667E+02
 6.12584E+02	 8.70267E+02
 6.12667E+02	 8.71533E+02
 6.12750E+02	 8.70467E+02
 6.12833E+02	 8.70200E+02
 6.12916E+02	 8.70667E+02
 6.12999E+02	 8.70800E+02
 6.13082E+02	 8.70733E+02
 6.13164E+02	 8.70667E+02
 6.13247E+02	 8.70467E+02
 6.13330E+02	 8.72267E+02
 6.13413E+02	 8.70867E+02
 6.13496E+02	 8.71467E+02
 6.13579E+02	 8.72533E+02
 6.13662E+02	 8.71800E+02
 6.13744E+02	 8.71800E+02
 6.13827E+02	 8.71533E+02
 6.13910E+02	 8.70600E+02
 6.13993E+02	 8.70267E+02
 6.14076E+02	 8.70600E+02
 6.14159E+02	 8.71133E+02
 6.14241E+02	 8.71600E+02
 6.14324E+02	 8.72400E+02
 6.14407E+02	 8.70200E+02
 6.14490E+02	 8.70667E+02
 6.14573E+02	 8.71733E+02
 6.14656E+02	 8.71800E+02
 6.14738E+02	 8.71200E+02
 6.14821E+02	 8.71467E+02
 6.14904E+02	 8.71733E+02
 6.14987E+02	 8.71467E+02
 6.15070E+02	 8.71733E+02
 6.15152E+02	 8.71400E+02
 6.15235E+02	 8.71667E+02
 6.15318E+02	 8.70467E+02
 6.15401E+02	 8.70800E+02
 6.15484E+02	 8.70600E+02
 6.15566E+02	 8.71533E+02
 6.15649E+02	 8.70333E+02
 6.15732E+02	 8.72533E+02
 6.15815E+02	 8.73200E+02
 6.15898E+02	 8.71800E+02
 6.15980E+02	 8.71133E+02
 6.16063E+02	 8.71867E+02
 6.16146E+02	 8.72000E+02
 6.16229E+02	 8.72333E+02
 6.16311E+02	 8.72733E+02
 6.16394E+02	 8.71400E+02
 6.16477E+02	 8.72200E+02
 6.16560E+02	 8.72800E+02
 6.16643E+02	 8.72800E+02
 6.16725E+02	 8.72867E+02
 6.16808E+02	 8.73267E+02
 6.16891E+02	 8.71667E+02
 6.16974E+02	 8.72667E+02
 6.17056E+02	 8.71800E+02
 6.17139E+02	 8.70467E+02
 6.17222E+02	 8.70933E+02
 6.17305E+02	 8.71800E+02
 6.17387E+02	 8.70400E+02
 6.17470E+02	 8.71600E+02
 6.17553E+02	 8.73133E+02
 6.17636E+02	 8.72200E+02
 6.17718E+02	 8.71933E+02
 6.17801E+02	 8.72533E+02
 6.17884E+02	 8.72067E+02
 6.17967E+02	 8.71867E+02
 6.18049E+02	 8.73333E+02
 6.18132E+02	 8.73467E+02
 6.18215E+02	 8.73600E+02
 6.18298E+02	 8.72467E+02
 6.18380E+02	 8.72467E+02
 6.18463E+02	 8.72733E+02
 6.18546E+02	 8.73600E+02
 6.18629E+02	 8.73533E+02
 6.18711E+02	 8.72933E+02
 6.18794E+02	 8.73600E+02
 6.18877E+02	 8.73667E+02
 6.18959E+02	 8.71733E+02
 6.19042E+02	 8.71133E+02
 6.19125E+02	 8.72067E+02
 6.19208E+02	 8.72533E+02
 6.19290E+02	 8.73400E+02
 6.19373E+02	 8.75133E+02
 6.19456E+02	 8.74400E+02
 6.19538E+02	 8.73400E+02
 6.19621E+02	 8.73933E+02
 6.19704E+02	 8.72067E+02
 6.19786E+02	 8.73600E+02
 6.19869E+02	 8.73333E+02
 6.19952E+02	 8.73200E+02
 6.20034E+02	 8.74600E+02
 6.20117E+02	 8.73000E+02
 6.20200E+02	 8.73467E+02
 6.20283E+02	 8.73667E+02
 6.20365E+02	 8.74133E+02
 6.20448E+02	 8.73867E+02
 6.20531E+02	 8.73933E+02
 6.20613E+02	 8.74133E+02
 6.20696E+02	 8.73533E+02
 6.20779E+02	 8.72267E+02
 6.20861E+02	 8.74667E+02
 6.20944E+02	 8.74000E+02
 6.21027E+02	 8.73933E+02
 6.21109E+02	 8.72467E+02
 6.21192E+02	 8.73133E+02
 6.21275E+02	 8.74267E+02
 6.21357E+02	 8.74133E+02
 6.21440E+02	 8.74533E+02
 6.21523E+02	 8.72533E+02
 6.21605E+02	 8.73200E+02
 6.21688E+02	 8.73400E+02
 6.21770E+02	 8.74067E+02
 6.21853E+02	 8.74733E+02
 6.21936E+02	 8.73600E+02
 6.22018E+02	 8.74067E+02
 6.22101E+02	 8.72600E+02
 6.22184E+02	 8.72933E+02
 6.22266E+02	 8.73000E+02
 6.22349E+02	 8.72800E+02
 6.22432E+02	 8.74067E+02
 6.22514E+02	 8.73867E+02
 6.22597E+02	 8.73400E+02
 6.22679E+02	 8.72800E+02
 6.22762E+02	 8.73333E+02
 6.22845E+02	 8.71933E+02
 6.22927E+02	 8.72467E+02
 6.23010E+02	 8.73667E+02
 6.23093E+02	 8.72933E+02
 6.23175E+02	 8.73667E+02
 6.23258E+02	 8.72267E+02
 6.23340E+02	 8.74267E+02
 6.23423E+02	 8.73533E+02
 6.23506E+02	 8.72133E+02
 6.23588E+02	 8.73133E+02
 6.23671E+02	 8.72867E+02
 6.23753E+02	 8.71533E+02
 6.23836E+02	 8.73267E+02
 6.23919E+02	 8.73067E+02
 6.24001E+02	 8.73000E+02
 6.24084E+02	 8.73000E+02
 6.24166E+02	 8.71667E+02
 6.24249E+02	 8.71667E+02
 6.24332E+02	 8.72000E+02
 6.24414E+02	 8.73267E+02
 6.24497E+02	 8.74133E+02
 6.24579E+02	 8.73333E+02
 6.24662E+02	 8.72933E+02
 6.24744E+02	 8.73467E+02
 6.24827E+02	 8.72467E+02
 6.24910E+02	 8.73933E+02
 6.24992E+02	 8.72267E+02
 6.25075E+02	 8.73133E+02
 6.25157E+02	 8.74067E+02
 6.25240E+02	 8.73467E+02
 6.25322E+02	 8.71933E+02
 6.25405E+02	 8.72267E+02
 6.25487E+02	 8.73867E+02
 6.25570E+02	 8.71133E+02
 6.25653E+02	 8.72000E+02
 6.25735E+02	 8.71267E+02
 6.25818E+02	 8.73267E+02
 6.25900E+02	 8.72733E+02
 6.25983E+02	 8.74000E+02
 6.26065E+02	 8.72733E+02
 6.26148E+02	 8.73333E+02
 6.26230E+02	 8.73667E+02
 6.26313E+02	 8.74133E+02
 6.26395E+02	 8.75333E+02
 6.26478E+02	 8.75467E+02
 6.26560E+02	 8.74667E+02
 6.26643E+02	 8.73400E+02
 6.26725E+02	 8.75133E+02
 6.26808E+02	 8.75267E+02
 6.26891E+02	 8.77400E+02
 6.26973E+02	 8.76867E+02
 6.27056E+02	 8.76867E+02
 6.27138E+02	 8.76933E+02
 6.27221E+02	 8.76733E+02
 6.27303E+02	 8.76800E+02
 6.27386E+02	 8.76133E+02
 6.27468E+02	 8.76800E+02
 6.27551E+02	 8.76200E+02
 6.27633E+02	 8.77200E+02
 6.27716E+02	 8.75533E+02
 6.27798E+02	 8.76667E+02
 6.27881E+02	 8.77867E+02
 6.27963E+02	 8.75933E+02
 6.28046E+02	 8.79200E+02
 6.28128E+02	 8.78733E+02
 6.28211E+02	 8.77533E+02
 6.28293E+02	 8.76867E+02
 6.28375E+02	 8.76933E+02
 6.28458E+02	 8.76600E+02
 6.28540E+02	 8.77267E+02
 6.28623E+02	 8.77733E+02
 6.28705E+02	 8.79200E+02
 6.28788E+02	 8.78600E+02
 6.28870E+02	 8.80133E+02
 6.28953E+02	 8.81467E+02
 6.29035E+02	 8.80400E+02
 6.29118E+02	 8.80200E+02
 6.29200E+02	 8.80067E+02
 6.29283E+02	 8.80533E+02
 6.29365E+02	 8.77800E+02
 6.29448E+02	 8.78467E+02
 6.29530E+02	 8.81667E+02
 6.29612E+02	 8.81133E+02
 6.29695E+02	 8.80200E+02
 6.29777E+02	 8.81000E+02
 6.29860E+02	 8.80600E+02
 6.29942E+02	 8.80533E+02
 6.30025E+02	 8.81867E+02
 6.30107E+02	 8.82400E+02
 6.30190E+02	 8.82533E+02
 6.30272E+02	 8.81200E+02
 6.30354E+02	 8.79667E+02
 6.30437E+02	 8.80133E+02
 6.30519E+02	 8.78467E+02
 6.30602E+02	 8.77133E+02
 6.30684E+02	 8.76733E+02
 6.30767E+02	 8.77067E+02
 6.30849E+02	 8.78533E+02
 6.30931E+02	 8.79400E+02
 6.31014E+02	 8.79600E+02
 6.31096E+02	 8.77400E+02
 6.31179E+02	 8.76400E+02
 6.31261E+02	 8.76800E+02
 6.31343E+02	 8.76867E+02
 6.31426E+02	 8.77200E+02
 6.31508E+02	 8.76067E+02
 6.31591E+02	 8.76133E+02
 6.31673E+02	 8.74133E+02
 6.31755E+02	 8.75533E+02
 6.31838E+02	 8.76200E+02
 6.31920E+02	 8.75733E+02
 6.32003E+02	 8.74200E+02
 6.32085E+02	 8.74200E+02
 6.32167E+02	 8.75400E+02
 6.32250E+02	 8.75000E+02
 6.32332E+02	 8.74000E+02
 6.32414E+02	 8.74400E+02
 6.32497E+02	 8.74267E+02
 6.32579E+02	 8.73133E+02
 6.32662E+02	 8.71867E+02
 6.32744E+02	 8.73133E+02
 6.32826E+02	 8.72800E+02
 6.32909E+02	 8.72733E+02
 6.32991E+02	 8.71667E+02
 6.33073E+02	 8.74733E+02
 6.33156E+02	 8.73533E+02
 6.33238E+02	 8.72267E+02
 6.33320E+02	 8.71800E+02
 6.33403E+02	 8.71933E+02
 6.33485E+02	 8.72933E+02
 6.33567E+02	 8.73067E+02
 6.33650E+02	 8.73800E+02
 6.33732E+02	 8.72467E+02
 6.33814E+02	 8.71333E+02
 6.33897E+02	 8.72000E+02
 6.33979E+02	 8.72000E+02
 6.34062E+02	 8.71133E+02
 6.34144E+02	 8.71467E+02
 6.34226E+02	 8.71800E+02
 6.34308E+02	 8.71933E+02
 6.34391E+02	 8.71467E+02
 6.34473E+02	 8.72067E+02
 6.34555E+02	 8.71467E+02
 6.34638E+02	 8.71933E+02
 6.34720E+02	 8.72067E+02
 6.34802E+02	 8.73533E+02
 6.34885E+02	 8.73333E+02
 6.34967E+02	 8.70867E+02
 6.35049E+02	 8.72467E+02
 6.35132E+02	 8.72067E+02
 6.35214E+02	 8.73067E+02
 6.35296E+02	 8.70867E+02
 6.35379E+02	 8.71200E+02
 6.35461E+02	 8.72267E+02
 6.35543E+02	 8.72267E+02
 6.35625E+02	 8.72200E+02
 6.35708E+02	 8.73400E+02
 6.35790E+02	 8.72133E+02
 6.35872E+02	 8.71400E+02
 6.35955E+02	 8.71533E+02
 6.36037E+02	 8.71533E+02
 6.36119E+02	 8.71600E+02
 6.36201E+02	 8.71133E+02
 6.36284E+02	 8.72133E+02
 6.36366E+02	 8.71467E+02
 6.36448E+02	 8.71933E+02
 6.36530E+02	 8.71333E+02
 6.36613E+02	 8.71867E+02
 6.36695E+02	 8.70133E+02
 6.36777E+02	 8.71933E+02
 6.36860E+02	 8.72667E+02
 6.36942E+02	 8.71800E+02
 6.37024E+02	 8.72333E+02
 6.37106E+02	 8.71400E+02
 6.37189E+02	 8.72800E+02
 6.37271E+02	 8.73200E+02
 6.37353E+02	 8.71000E+02
 6.37435E+02	 8.70333E+02
 6.37518E+02	 8.71067E+02
 6.37600E+02	 8.71267E+02
 6.37682E+02	 8.71800E+02
 6.37764E+02	 8.72800E+02
 6.37846E+02	 8.72800E+02
 6.37929E+02	 8.71533E+02
 6.38011E+02	 8.71733E+02
 6.38093E+02	 8.71333E+02
 6.38175E+02	 8.71800E+02
 6.38258E+02	 8.72267E+02
 6.38340E+02	 8.72067E+02
 6.38422E+02	 8.72000E+02
 6.38504E+02	 8.72133E+02
 6.38586E+02	 8.72133E+02
 6.38669E+02	 8.72600E+02
 6.38751E+02	 8.73667E+02
 6.38833E+02	 8.72533E+02
 6.38915E+02	 8.71667E+02
 6.38998E+02	 8.72000E+02
 6.39080E+02	 8.72000E+02
 6.39162E+02	 8.73133E+02
 6.39244E+02	 8.72467E+02
 6.39326E+02	 8.71400E+02
 6.39409E+02	 8.72600E+02
 6.39491E+02	 8.71933E+02
 6.39573E+02	 8.71333E+02
 6.39655E+02	 8.70267E+02
 6.39737E+02	 8.72267E+02
 6.39819E+02	 8.71333E+02
 6.39902E+02	 8.73000E+02
 6.39984E+02	 8.72933E+02
 6.40066E+02	 8.71533E+02
 6.40148E+02	 8.71067E+02
 6.40230E+02	 8.70933E+02
 6.40312E+02	 8.72133E+02
 6.40395E+02	 8.72867E+02
 6.40477E+02	 8.71800E+02
 6.40559E+02	 8.72667E+02
 6.40641E+02	 8.72600E+02
 6.40723E+02	 8.72133E+02
 6.40805E+02	 8.71867E+02
 6.40888E+02	 8.71000E+02
 6.40970E+02	 8.71400E+02
 6.41052E+02	 8.70933E+02
 6.41134E+02	 8.71400E+02
 6.41216E+02	 8.71533E+02
 6.41298E+02	 8.72000E+02
 6.41380E+02	 8.72733E+02
 6.41463E+02	 8.72400E+02
 6.41545E+02	 8.72333E+02
 6.41627E+02	 8.72467E+02
 6.41709E+02	 8.70600E+02
 6.41791E+02	 8.73267E+02
 6.41873E+02	 8.72067E+02
 6.41955E+02	 8.70867E+02
 6.42037E+02	 8.72533E+02
 6.42120E+02	 8.73600E+02
 6.42202E+02	 8.71800E+02
 6.42284E+02	 8.71200E+02
 6.42366E+02	 8.72000E+02
 6.42448E+02	 8.73333E+02
 6.42530E+02	 8.72067E+02
 6.42612E+02	 8.72600E+02
 6.42694E+02	 8.71400E+02
 6.42776E+02	 8.70867E+02
 6.42859E+02	 8.71067E+02
 6.42941E+02	 8.71867E+02
 6.43023E+02	 8.71400E+02
 6.43105E+02	 8.72200E+02
 6.43187E+02	 8.72067E+02
 6.43269E+02	 8.71867E+02
 6.43351E+02	 8.71733E+02
 6.43433E+02	 8.71933E+02
 6.43515E+02	 8.71133E+02
 6.43597E+02	 8.71600E+02
 6.43679E+02	 8.72733E+02
 6.43761E+02	 8.71267E+02
 6.43844E+02	 8.73333E+02
 6.43926E+02	 8.72133E+02
 6.44008E+02	 8.71133E+02
 6.44090E+02	 8.72800E+02
 6.44172E+02	 8.72267E+02
 6.44254E+02	 8.72333E+02
 6.44336E+02	 8.72533E+02
 6.44418E+02	 8.71267E+02
 6.44500E+02	 8.71000E+02
 6.44582E+02	 8.71333E+02
 6.44664E+02	 8.72867E+02
 6.44746E+02	 8.70200E+02
 6.44828E+02	 8.72333E+02
 6.44910E+02	 8.72200E+02
 6.44992E+02	 8.70867E+02
 6.45074E+02	 8.72267E+02
 6.45156E+02	 8.71533E+02
 6.45238E+02	 8.70000E+02
 6.45320E+02	 8.70400E+02
 6.45402E+02	 8.71333E+02
 6.45485E+02	 8.72133E+02
 6.45567E+02	 8.71800E+02
 6.45649E+02	 8.71333E+02
 6.45731E+02	 8.71533E+02
 6.45813E+02	 8.72333E+02
 6.45895E+02	 8.71867E+02
 6.45977E+02	 8.71533E+02
 6.46059E+02	 8.71867E+02
 6.46141E+02	 8.71067E+02
 6.46223E+02	 8.72000E+02
 6.46305E+02	 8.71400E+02
 6.46387E+02	 8.71667E+02
 6.46469E+02	 8.71800E+02
 6.46551E+02	 8.71600E+02
 6.46633E+02	 8.71333E+02
 6.46715E+02	 8.72333E+02
 6.46797E+02	 8.71600E+02
 6.46879E+02	 8.71200E+02
 6.46961E+02	 8.71733E+02
 6.47043E+02	 8.71667E+02
 6.47125E+02	 8.71000E+02
 6.47207E+02	 8.72667E+02
 6.47289E+02	 8.73467E+02
 6.47371E+02	 8.71067E+02
 6.47452E+02	 8.71733E+02
 6.47534E+02	 8.72467E+02
 6.47616E+02	 8.73267E+02
 6.47698E+02	 8.72733E+02
 6.47780E+02	 8.72467E+02
 6.47862E+02	 8.73200E+02
 6.47944E+02	 8.72000E+02
 6.48026E+02	 8.71200E+02
 6.48108E+02	 8.72867E+02
 6.48190E+02	 8.71933E+02
 6.48272E+02	 8.71133E+02
 6.48354E+02	 8.71467E+02
 6.48436E+02	 8.71867E+02
 6.48518E+02	 8.71867E+02
 6.48600E+02	 8.71733E+02
 6.48682E+02	 8.72800E+02
 6.48764E+02	 8.71600E+02
 6.48846E+02	 8.72467E+02
 6.48928E+02	 8.72800E+02
 6.49010E+02	 8.71400E+02
 6.49091E+02	 8.71667E+02
 6.49173E+02	 8.70333E+02
 6.49255E+02	 8.70267E+02
 6.49337E+02	 8.70200E+02
 6.49419E+02	 8.70733E+02
 6.49501E+02	 8.71600E+02
 6.49583E+02	 8.70800E+02
 6.49665E+02	 8.70733E+02
 6.49747E+02	 8.72400E+02
 6.49829E+02	 8.70933E+02
 6.49911E+02	 8.72400E+02
 6.49993E+02	 8.72067E+02
 6.50074E+02	 8.72400E+02
 6.50156E+02	 8.71800E+02
 6.50238E+02	 8.71333E+02
 6.50320E+02	 8.70400E+02
 6.50402E+02	 8.72733E+02
 6.50484E+02	 8.71200E+02
 6.50566E+02	 8.72133E+02
 6.50648E+02	 8.72667E+02
 6.50730E+02	 8.71667E+02
 6.50811E+02	 8.72467E+02
 6.50893E+02	 8.72933E+02
 6.50975E+02	 8.70933E+02
 6.51057E+02	 8.72000E+02
 6.51139E+02	 8.71267E+02
 6.51221E+02	 8.72067E+02
 6.51303E+02	 8.71933E+02
 6.51384E+02	 8.72133E+02
 6.51466E+02	 8.71800E+02
 6.51548E+02	 8.72000E+02
 6.51630E+02	 8.69267E+02
 6.51712E+02	 8.70067E+02
 6.51794E+02	 8.70867E+02
 6.51876E+02	 8.70733E+02
 6.51957E+02	 8.71733E+02
 6.52039E+02	 8.71867E+02
 6.52121E+02	 8.71933E+02
 6.52203E+02	 8.71467E+02
 6.52285E+02	 8.71667E+02
 6.52367E+02	 8.71200E+02
 6.52448E+02	 8.71667E+02
 6.52530E+02	 8.71467E+02
 6.52612E+02	 8.70667E+02
 6.52694E+02	 8.71267E+02
 6.52776E+02	 8.72267E+02
 6.52858E+02	 8.71467E+02
 6.52939E+02	 8.70933E+02
 6.53021E+02	 8.72200E+02
 6.53103E+02	 8.70400E+02
 6.53185E+02	 8.71800E+02
 6.53267E+02	 8.69800E+02
 6.53349E+02	 8.69667E+02
 6.53430E+02	 8.71333E+02
 6.53512E+02	 8.70733E+02
 6.53594E+02	 8.71467E+02
 6.53676E+02	 8.71600E+02
 6.53758E+02	 8.71867E+02
 6.53839E+02	 8.71600E+02
 6.53921E+02	 8.71933E+02
 6.54003E+02	 8.73333E+02
 6.54085E+02	 8.72867E+02
 6.54166E+02	 8.72133E+02
 6.54248E+02	 8.73067E+02
 6.54330E+02	 8.72067E+02
 6.54412E+02	 8.71133E+02
 6.54494E+02	 8.71200E+02
 6.54575E+02	 8.72067E+02
 6.54657E+02	 8.72333E+02
 6.54739E+02	 8.72600E+02
 6.54821E+02	 8.71400E+02
 6.54902E+02	 8.72333E+02
 6.54984E+02	 8.73267E+02
 6.55066E+02	 8.71933E+02
 6.55148E+02	 8.72533E+02
 6.55229E+02	 8.73000E+02
 6.55311E+02	 8.71333E+02
 6.55393E+02	 8.71467E+02
 6.55475E+02	 8.72267E+02
 6.55556E+02	 8.72267E+02
 6.55638E+02	 8.71200E+02
 6.55720E+02	 8.71267E+02
 6.55802E+02	 8.71667E+02
 6.55883E+02	 8.72000E+02
 6.55965E+02	 8.70467E+02
 6.56047E+02	 8.71400E+02
 6.56129E+02	 8.70267E+02
 6.56210E+02	 8.70067E+02
 6.56292E+02	 8.71533E+02
 6.56374E+02	 8.71667E+02
 6.56455E+02	 8.71333E+02
 6.56537E+02	 8.70333E+02
 6.56619E+02	 8.71800E+02
 6.56701E+02	 8.71933E+02
 6.56782E+02	 8.72133E+02
 6.56864E+02	 8.70733E+02
 6.56946E+02	 8.73000E+02
 6.57027E+02	 8.71667E+02
 6.57109E+02	 8.71867E+02
 6.57191E+02	 8.72133E+02
 6.57273E+02	 8.72467E+02
 6.57354E+02	 8.71000E+02
 6.57436E+02	 8.71600E+02
 6.57518E+02	 8.70667E+02
 6.57599E+02	 8.71467E+02
 6.57681E+02	 8.71333E+02
 6.57763E+02	 8.73200E+02
 6.57844E+02	 8.71733E+02
 6.57926E+02	 8.71200E+02
 6.58008E+02	 8.71400E+02
 6.58089E+02	 8.71800E+02
 6.58171E+02	 8.71733E+02
 6.58253E+02	 8.70667E+02
 6.58334E+02	 8.69000E+02
 6.58416E+02	 8.71467E+02
 6.58498E+02	 8.71200E+02
 6.58579E+02	 8.70600E+02
 6.58661E+02	 8.71800E+02
 6.58743E+02	 8.71200E+02
 6.58824E+02	 8.70600E+02
 6.58906E+02	 8.70733E+02
 6.58988E+02	 8.71467E+02
 6.59069E+02	 8.71133E+02
 6.59151E+02	 8.70600E+02
 6.59232E+02	 8.70733E+02
 6.59314E+02	 8.69867E+02
 6.59396E+02	 8.71400E+02
 6.59477E+02	 8.71800E+02
 6.59559E+02	 8.72200E+02
 6.59641E+02	 8.72200E+02
 6.59722E+02	 8.71200E+02
 6.59804E+02	 8.72600E+02
 6.59885E+02	 8.71133E+02
 6.59967E+02	 8.69600E+02
 6.60049E+02	 8.70067E+02
 6.60130E+02	 8.71200E+02
 6.60212E+02	 8.72067E+02
 6.60294E+02	 8.70800E+02
 6.60375E+02	 8.70400E+02
 6.60457E+02	 8.71600E+02
 6.60538E+02	 8.71133E+02
 6.60620E+02	 8.72467E+02
 6.60702E+02	 8.71867E+02
 6.60783E+02	 8.71533E+02
 6.60865E+02	 8.70867E+02
 6.60946E+02	 8.70267E+02
